   0    83
   1    14
   2     4
   3     0
   4     4
   5     0
   6     0
   7     0
   8     5
   9     0
  10     0
  11     0
  12     0
  13     0
  14     0
  15     0
  16     6
  17     4
  18     0
  19     0
  20     0
  21     0
  22     0
  23     0
  24     0
  25     0
  26     0
  27     0
  28     1
  29     0
  30     0
  31     1
  32     2
  33     2
  34     1
  35     0
  36     1
  37     0
  38     0
  39     0
  40     1
  41     0
  42     0
  43     0
  44     0
  45     0
  46   142
  47   182
  48   255
  49   176
  50    90
  51   175
  52  1249
  53   611
  54   411
  55   875
  56    91
  57    42
  58    35
  59    10
  60    45
  61    31
  62   167
  63   458
  64  3066
  65  1876
  66  3491
  67   686
  68  4040
  69  1141
  70   457
  71  1367
  72   865
  73   606
  74   894
  75   146
  76   674
  77   239
  78   524
  79   469
  80   374
  81   392
  82   786
  83   306
  84   546
  85   524
  86   521
  87   339
  88     0
  89   337
  90   298
  91   120
  92   310
  93   438
  94   343
  95   565
  96   562
  97   286
  98   393
  99   705
 100  1117
 101   852
 102   730
 103   977
 104   746
 105   419
 106   542
 107    22
 108   504
 109   546
 110   266
 111   304
 112   252
 113   383
 114   528
 115   217
 116    40
 117   428
 118   339
 119   400
 120   441
 121   525
 122   232
 123   483
 124   362
 125   310
 126   542
 127   402
 128   531
 129   449
 130   206
 131   387
 132   275
 133   407
 134   100
 135   366
 136   304
 137   175
 138   218
 139   203
 140   386
 141   169
 142   301
 143   134
 144    84
 145   356
 146   197
 147   138
 148   223
 149   185
 150   281
 151   191
 152   188
 153   125
 154   283
 155    95
 156   212
 157   240
 158    70
 159   117
 160   397
 161   160
 162    55
 163   177
 164   146
 165   225
 166   211
 167   175
 168   202
 169   137
 170   169
 171    56
 172   219
 173   140
 174   253
 175    55
 176   274
 177   159
 178   239
 179   136
 180    59
 181   214
 182   169
 183    41
 184   221
 185   107
 186   228
 187    76
 188   151
 189   179
 190   116
 191   127
 192   280
 193   140
 194    90
 195   245
 196   183
 197    86
 198   230
 199   133
 200   101
 201   240
 202   289
 203   191
 204   133
 205   136
 206   229
 207   221
 208   221
 209    58
 210    56
 211   202
 212    89
 213   219
 214    53
 215   113
 216   114
 217   224
 218    95
 219   152
 220    63
 221   181
 222   154
 223    61
 224    59
 225    82
 226    55
 227    63
 228    63
 229    62
 230    20
 231    55
 232    26
 233    36
 234    16
 235    39
 236    31
 237    27
 238    23
 239    70
 240    19
 241     6
 242    24
 243     3
 244     7
 245    11
 246     5
 247     8
 248     3
 249     2
 250     6
 251     7
 252     0
 253     5
 254    12
 255    71
